8.083333
17.205458
12.940354
7.192188
8.688917
12.779000
5.008333
5.975000
10.030000
9.498333
7.793333
6.831678
5.810703
5.401678
7.611678
4.956667
9.275011
7.653333
7.429161
6.865170
27.704688
19.466667
8.660000
11.153991
10.831678
11.785011
19.372585
16.063333
6.621678
4.834036
14.460000
6.746667
7.458730
7.530000
4.375011
9.256667
7.638345
19.708345
10.038594
13.571678
8.771678
6.375011
11.241678
6.616667
9.950000
7.945011
11.146803
3.796667
6.841678
12.196667
6.736667
7.461678
7.180000
8.126667
6.286667
9.835011
7.258503
5.515351
12.321678
8.468707
22.216667
9.805011
8.913333
6.378345
13.461678
18.550000
6.720000
9.393333
6.051678
6.771678
11.093107
9.183333
8.298571
8.468934
9.125011
5.271678
10.616667
9.165011
10.180000
8.085011
7.156667
9.600000
9.386667
8.555011
11.540000
9.501678
5.333333
21.380000
12.830000
8.511678
11.798345
6.021678
10.426757
9.485011
4.518821
8.231678
12.046667
11.351678
4.045011
9.288345
16.576667
8.783333
17.248345
11.346667
9.900000
22.795011
11.525011
13.250748
10.428345
7.225011
8.695011
8.723333
14.548345
19.485011
9.300000
8.896667
10.635011
8.828345
11.588345
7.838345
27.061678
10.635011
28.228345
9.498345
7.118345
11.751678
13.351678
19.486667
10.741678
8.543333
9.498345
7.986667
7.618345
8.436667
13.535011
19.101678
11.513333
9.395011
7.051678
10.405011
11.643333
8.888345
14.130000
11.318345
11.530000